7.500000000000000000e-01
7.578962514588204469e-01
7.664534339840448629e-01
7.756448955001936651e-01
7.854416927591904019e-01
7.958127130544631056e-01
8.067248055545149787e-01
8.181429216407862803e-01
8.300302635918817007e-01
8.423484409166801523e-01
8.550576336026419755e-01
8.681167615129571358e-01
8.814836591372241514e-01
8.951152548752294713e-01
9.089677540122174104e-01
9.229968245269454252e-01
9.371577848608638739e-01
9.514057927679947513e-01
9.656960343605824892e-01
9.799839124653547673e-01
9.942252334092471777e-01
1.008376391361751612e+00
1.022394549373497386e+00
1.036237816267339795e+00
1.049865418558901808e+00
1.063237866608193416e+00
1.076317114232406169e+00
1.089066711042213198e+00
1.101451946799634429e+00
1.113439987134642095e+00
1.125000000000000444e+00
1.136103272289075372e+00
1.146723316089410805e+00
1.156835964095375813e+00
1.166419453756028846e+00
1.175454499789164053e+00
1.183924354749085861e+00
1.191814857393709515e+00
1.199114468655832377e+00
1.205814295083551313e+00
1.211908099675561123e+00
1.217392300098142810e+00
1.222265954331703375e+00
1.226530733855566435e+00
1.230190884539901441e+00
1.233253175473054908e+00
1.235726836010735408e+00
1.237623481390254243e+00
1.238957027308079217e+00
1.239743593911981190e+00
1.240001399709907526e+00
1.239750645946005703e+00
1.239013392039837846e+00
1.237813422727495283e+00
1.236176107582800388e+00
1.234128253632987837e+00
1.231697951815872161e+00
1.228914418054503743e+00
1.225807829750472422e+00
1.222409158518227956e+00
1.218750000000000000e+00
1.214862401613933551e+00
1.210778689096962735e+00
1.206531292708598491e+00
1.202152573962217641e+00
1.197674653746590545e+00
1.193129242692377634e+00
1.188547474626004297e+00
1.183959743937031961e+00
1.179395547664677801e+00
1.174883333084808523e+00
1.170450351550564427e+00
1.166122519307896566e+00
1.161924285971933202e+00
1.157878511311362990e+00
1.154006350946109594e+00
1.150327151518758750e+00
1.146858355852574229e+00
1.143615418558902030e+00
1.140611732504378084e+00
1.137858566494055479e+00
1.135365014470471667e+00
1.133137956471162111e+00
1.131182031528414678e+00
1.129499622635486311e+00
1.128090853843288111e+00
1.126953599491092639e+00
1.126083505514301475e+00
1.125474022712119604e+00
1.125116451798377160e+00
1.125000000000000000e+00
1.125111848910067103e+00
1.125437233246270097e+00
1.125959530111211304e+00
1.126660358298560594e+00
1.127519687138932358e+00
1.128515954331703375e+00
1.129626192164034926e+00
1.130826161476378156e+00
1.132090492694908024e+00
1.133392833215851825e+00
1.134706000394669623e+00
1.136002139364787666e+00
1.137252884886052362e+00
1.138429526402574110e+00
1.139503175473054908e+00
1.140444934724344606e+00
1.141226067470723748e+00
1.141818167137406359e+00
1.142193325627018474e+00
1.142324299772259133e+00
1.142184675026659768e+00
1.141749025558243424e+00
1.140993069927838777e+00
1.139893821554879505e+00
1.138429733198410787e+00
1.136580834709842058e+00
1.134328863346380833e+00
1.131657385970051388e+00
1.128551912496470466e+00
1.124999999999999556e+00
1.120991346927246557e+00
1.116517876918992735e+00
1.111573811791206623e+00
1.106155733278591624e+00
1.100262633198945794e+00
1.093895951753107276e+00
1.087059603733209201e+00
1.079759992471086338e+00
1.072006011418642046e+00
1.063809033312548724e+00
1.055182886936478104e+00
1.046143821554879505e+00
1.036710459152836883e+00
1.026903734676419822e+00
1.016746824526944870e+00
1.006265063620377598e+00
9.954858513794305752e-01
9.844385470805153693e-01
9.731543550302671486e-01
9.616662000966971213e-01
9.500085941677760548e-01
9.382174941553406144e-01
9.263301522042454161e-01
9.143849588056115474e-01
9.024212795485176963e-01
8.904792862765006367e-01
8.785997834434853271e-01
8.668240304882458558e-01
8.551935610669807453e-01
8.437499999999996669e-01
8.325348788008578582e-01
8.215894506643188766e-01
8.109545057934119949e-01
8.006701879454093396e-01
7.907758130719033662e-01
7.813096909192108752e-01
7.723089504422553375e-01
7.638093698677892451e-01
7.558452122215403302e-01
7.484490671085862745e-01
7.416516995071869012e-01
7.354819063035090698e-01
7.299663812583809808e-01
7.251295890575243375e-01
7.209936490538900733e-01
7.175782292649199867e-01
7.149004511390217864e-01
7.129748055545148677e-01
7.118130804610006690e-01
7.114243005178334522e-01
7.118146790273343072e-01
7.129875824019191732e-01
7.149435073446660516e-01
7.176800708623199965e-01
7.211920131686011537e-01
7.254712134742855589e-01
7.305067185991149792e-01
7.362847842794768560e-01
7.427889289853017996e-01
7.500000000000000000e-01
