6.249999999999988898e-02
5.524397453476275616e-02
4.857772408763750410e-02
4.248024955689490290e-02
3.692902538721231503e-02
3.190017294836397510e-02
2.736863891211413144e-02
2.330837768268867113e-02
1.969253691848701221e-02
1.649364516975952363e-02
1.368380064887723610e-02
1.123486014659746089e-02
9.118627109394691899e-03
7.307037899468135991e-03
5.772345270421671941e-03
4.487298107780659205e-03
3.425316504379870199e-03
2.560661266123775027e-03
1.868596973556821243e-03
1.325547758937685103e-03
9.092449969180578951e-04
5.988661492916381697e-04
3.751640503938132422e-04
2.205859693676300330e-04
1.193818384222916911e-04
5.770109213451764826e-05
2.367762150469990181e-05
7.502407589036161372e-06
1.483462784165532431e-06
9.277293016594274466e-08
1.519290839321567800e-64
9.277293016595099000e-08
1.483462784165608028e-06
7.502407589036384989e-06
2.367762150470057605e-05
5.770109213451867148e-05
1.193818384222939679e-04
2.205859693676332856e-04
3.751640503938174164e-04
5.988661492916441328e-04
9.092449969180660266e-04
1.325547758937698764e-03
1.868596973556837506e-03
2.560661266123795410e-03
3.425316504379894052e-03
4.487298107780681757e-03
5.772345270421717911e-03
7.307037899468173288e-03
9.118627109394740471e-03
1.123486014659751293e-02
1.368380064887729855e-02
1.649364516975959302e-02
1.969253691848709201e-02
2.330837768268876481e-02
2.736863891211425287e-02
3.190017294836407918e-02
3.692902538721246769e-02
4.248024955689504861e-02
4.857772408763771227e-02
5.524397453476296432e-02
6.250000000000000000e-02
7.036510567321128951e-02
7.885674218975410876e-02
8.799035266724269944e-02
9.777922824971271853e-02
1.082343729472934474e-01
1.193643785156578568e-01
1.311753100719473542e-01
1.436706030928004973e-01
1.568509723857952898e-01
1.707143335682962948e-01
1.852557375276773777e-01
2.004673182744475812e-01
2.163382545352411646e-01
2.328547453662716260e-01
2.500000000000002220e-01
2.677542420687726854e-01
2.860947282793665503e-01
3.049957815421010521e-01
3.244288384877428433e-01
3.443625112352267092e-01
3.647626632035546046e-01
3.855924986924683107e-01
4.068126658889466007e-01
4.283813728906052942e-01
4.502545162729623685e-01
4.723858216656247055e-01
4.947269957430426301e-01
5.172278889788314293e-01
5.398366684591021647e-01
5.625000000000002220e-01
5.851632387679679415e-01
6.077706275583845130e-01
6.302655018493679151e-01
6.525905007128707247e-01
6.746877826349036988e-01
6.964992452709726223e-01
7.179667481416858177e-01
7.390323372571383498e-01
7.596384706471538406e-01
7.797282437678554334e-01
7.992456137533191507e-01
8.181356214843423791e-01
8.363446104545098070e-01
8.538204414268477649e-01
8.705127018922195203e-01
8.863729093633064826e-01
9.013547075652907914e-01
9.154140546161579906e-01
9.285094023257250972e-01
9.406018657828266738e-01
9.516553824444448084e-01
9.616368599887129553e-01
9.705163122453639435e-01
9.782669825722277723e-01
9.848654541043426747e-01
9.902917463630748207e-01
9.945293977758621340e-01
9.975655337226085884e-01
9.993909197920255449e-01
9.999999999999995559e-01
9.993909197920259890e-01
9.975655337226081443e-01
9.945293977758616899e-01
9.902917463630748207e-01
9.848654541043417865e-01
9.782669825722277723e-01
9.705163122453636104e-01
9.616368599887129553e-01
9.516553824444445864e-01
9.406018657828258966e-01
9.285094023257246532e-01
9.154140546161572134e-01
9.013547075652903473e-01
8.863729093633064826e-01
8.705127018922190762e-01
8.538204414268468767e-01
8.363446104545093629e-01
8.181356214843423791e-01
7.992456137533191507e-01
7.797282437678554334e-01
7.596384706471533965e-01
7.390323372571379057e-01
7.179667481416854846e-01
6.964992452709722892e-01
6.746877826349029217e-01
6.525905007128702806e-01
6.302655018493683592e-01
6.077706275583838469e-01
5.851632387679676084e-01
5.624999999999995559e-01
5.398366684591018316e-01
5.172278889788307632e-01
4.947269957430422971e-01
4.723858216656239839e-01
4.502545162729619244e-01
4.283813728906051832e-01
4.068126658889458791e-01
3.855924986924679221e-01
3.647626632035542160e-01
3.443625112352263207e-01
3.244288384877423437e-01
3.049957815421007190e-01
2.860947282793659396e-01
2.677542420687721858e-01
2.499999999999998890e-01
2.328547453662711264e-01
2.163382545352409148e-01
2.004673182744473314e-01
1.852557375276773777e-01
1.707143335682959617e-01
1.568509723857950677e-01
1.436706030927999977e-01
1.311753100719469378e-01
1.193643785156578568e-01
1.082343729472932531e-01
9.777922824971257976e-02
8.799035266724247739e-02
7.885674218975398386e-02
7.036510567321112297e-02
6.249999999999994449e-02
